28
1 1 0 
1 5 0 
2 7 0 
5 7 0 
6 5 0 
6 1 0 
4 1 0 
4 3 0 
3 3 0 
3 1 0 
3 5 0 
4 5 0 
4 4 0 
3 4 0 
1 1 3 
1 5 3 
2 7 3 
5 7 3 
6 5 3 
6 1 3 
4 1 3 
4 3 3 
3 3 3 
3 1 3
3 5 3 
4 5 3 
4 4 3 
3 4 3 
21
0.1 0.2 0.3  0 9 10 1
1 0.9 0  1 4 3 2
1 0 1  11 6 5 4
1 1 1  13 8 7 12
0 0 1  0 1 15 14
0 1 0  1 2 16 15
1 0.5 0.6  2 3 17 16
0.13 0.76 0.2  3 4 18 17
0.3 0.3 0.6  4 5 19 18
0.22 0.7 1  5 6 20 19
0.1 0.1 1  6 11 25 20
0.2 1 0  9 23 24 10
1 0.5 0.5  0 14 23 9
0.5 0.2 0.5  13 12 26 27
1 1 0.2  7 8 22 21
1 0.1 0.7  11 10 24 25
0.8 0.3 1  14 15 24 23
0.2 1 1  15 16 17 18
1 0.25 1  25 18 19 20
0.8 0.1 0.23  27 26 21 22 
0.11 1 0.35  1 4 18 15